full gradient:  4.3678465e-06 0.0002535227
grad_output:    2.227334e-15 3.7456919e-06
inputs:         0.38075086 0.38075086
bias_weight_8   1.869395e-08 7.7167516e-07
bias_output_8   4.5733777e-12 1.6589125e-08
bias_weight_2   3.30147e-05 0.00018814616
bias_output_2   -3.4869232e-12 2.1254115e-08
full gradient:  4.3678465e-06 0.0002535227
grad_output:    2.227334e-15 3.7456919e-06
inputs:         0.38075086 0.38075086
bias_weight_8   1.869395e-08 7.7167516e-07
bias_output_8   4.5733777e-12 1.6589125e-08
bias_weight_2   3.3014672e-05 0.00018814615
bias_output_2   -3.4869232e-12 2.1254115e-08
full gradient:  4.3678465e-06 0.0002535227
grad_output:    2.227334e-15 3.7456919e-06
inputs:         0.38075086 0.38075086
bias_weight_8   1.869395e-08 7.7167516e-07
bias_output_8   4.5733777e-12 1.6589125e-08
bias_weight_2   3.30147e-05 0.00018814616
bias_output_2   -3.4869232e-12 2.1254115e-08
full gradient:  4.3678465e-06 0.0002535227
grad_output:    2.227334e-15 3.7456919e-06
inputs:         0.38075086 0.38075086
bias_weight_8   1.869395e-08 7.7167516e-07
bias_output_8   4.5733777e-12 1.6589125e-08
bias_weight_2   3.30147e-05 0.00018814616
bias_output_2   -3.4869232e-12 2.1254115e-08
index: 
 tensor([ 0,  1,  2,  3,  4,  5,  6,  7,  8,  9, 10, 11, 12, 13, 14, 15, 16, 17, 18, 19, 20, 21, 22, 23, 24, 25, 26, 27, 28, 29, 30, 31, 32, 33, 34, 35, 36, 37,
        38, 39, 40, 41, 42, 43, 44, 45, 46, 47, 48, 49, 50, 51, 52, 53, 54, 55, 56, 57, 58, 59, 60, 61, 62, 63, 64, 65, 66, 67, 68, 69, 70, 71, 72, 73, 74, 75,
        76, 77, 78, 79, 80, 81, 82, 83, 84, 85, 86, 87, 88, 89, 90, 91, 92, 93, 94, 95, 96, 97, 98, 99], device='cuda:0')
