Time 2022/10/29 23:28:06:
6294 0.00025760173
grad_output:    2.4424907e-15 2.8701993e-07
inputs:         0.3850739 0.3850739
bias_weight_8   -4.5972346e-09 5.1070907e-07
bias_output_8   6.3003934e-12 5.89784e-09
bias_weight_4   1.5864304e-06 8.67589e-06
bias_output_4   2.1581094e-10 9.927557e-08
bias_weight_2   2.809483e-06 2.6893782e-05
bias_output_2   -2.3278771e-11 8.3144585e-09
index: 
 tensor([  0,   1,   2,   3,   5,   6,   7,   8,  10,  11,  12,  13,  14,  15,  16,  17,  18,  19,  20,  22,  23,  24,  25,  26,  27,  28,  29,  30,  31,  32,
         33,  34,  35,  36,  38,  39,  40,  41,  42,  43,  44,  45,  47,  48,  50,  51,  52,  53,  54,  55,  56,  57,  58,  59,  60,  61,  62,  63,  64,  65,
         66,  67,  68,  69,  70,  71,  72,  73,  74,  75,  76,  77,  78,  79,  80,  81,  82,  83,  84,  85,  86,  87,  88,  89,  91,  92,  93,  94,  95,  96,
         97,  98,  99, 100, 101, 102, 103, 104, 105, 106, 107, 108, 109, 110, 111, 112, 113, 114, 115, 116, 117, 118, 119, 120, 121, 122, 123, 124, 125, 126,
        127, 138, 162, 178, 192, 194, 209, 210, 224, 227, 229, 242, 243, 244], device='cuda:0') norm
 tensor([0.6671, 1.0000, 1.0000, 1.0000, 0.8107, 1.0000, 1.0000, 1.0000, 1.0000, 0.6701, 0.8809, 1.0000, 1.0000, 1.0000, 1.0000, 1.0000, 1.0000, 1.0000, 1.0000,
        0.7704, 1.0000, 0.5544, 1.0000, 0.8695, 0.6934, 0.6499, 0.6245, 0.5319, 0.9333, 0.8755, 1.0000, 1.0000, 0.6927, 1.0000, 0.7649, 1.0000, 0.7952, 0.5531,
        1.0000, 0.8891, 1.0000, 0.8892, 1.0000, 1.0000, 1.0000, 1.0000, 0.5590, 1.0000, 0.8209, 0.6053, 0.7302, 1.0000, 1.0000, 0.9885, 1.0000, 1.0000, 0.7508,
        1.0000, 1.0000, 0.8059, 1.0000, 1.0000, 1.0000, 0.7961, 0.7356, 1.0000, 0.7970, 1.0000, 1.0000, 0.9230, 1.0000, 0.9763, 0.8104, 1.0000, 1.0000, 0.6888,
        0.6481, 1.0000, 1.0000, 0.7794, 1.0000, 1.0000, 1.0000, 1.0000, 1.0000, 1.0000, 0.4908, 0.7184, 1.0000, 0.7938, 0.5642, 0.9118, 1.0000, 1.0000, 1.0000,
        0.6455, 0.9190, 0.7441, 0.6629, 1.0000, 1.0000, 1.0000, 1.0000, 1.0000, 1.0000, 1.0000, 0.9303, 1.0000, 1.0000, 1.0000, 1.0000, 0.7370, 1.0000, 1.0000,
        0.7569, 0.7492, 0.8940, 0.9649, 1.0000, 1.0000, 0.8369, 1.0000, 1.0000, 0.9829, 1.0000, 0.9212, 0.7264, 1.0000, 0.0591, 0.1884, 0.0802, 0.1059, 0.0761,
        0.1478, 0.1023, 0.0823, 0.0977, 0.1133, 0.0852, 0.0482, 0.1171, 0.0505, 0.1034, 0.1335, 0.0728, 0.1171, 0.0833, 0.0774, 0.1616, 0.0276, 0.1325, 0.0701,
        0.0913, 0.0942, 0.0527, 0.0598, 0.0736, 0.1138, 0.0856, 0.2232, 0.0575, 0.0874, 0.1238, 0.0700, 0.0887, 0.0996, 0.1973, 0.0779, 0.1011, 0.0476, 0.1300,
        0.0503, 0.1005, 0.0628, 0.0825, 0.1332, 0.1094, 0.0993, 0.1081, 0.1208, 0.1275, 0.0677, 0.0731, 0.0794, 0.0501, 0.0630, 0.1513, 0.0571, 0.1012, 0.1003,
        0.1621, 0.0809, 0.1211, 0.0545, 0.1109, 0.0485, 0.0877, 0.0579, 0.1372, 0.0623, 0.0752, 0.1246, 0.0715, 0.0642, 0.1385, 0.0726, 0.0743, 0.0679, 0.0986,
        0.1695, 0.1263, 0.0638, 0.0716, 0.0946, 0.0827, 0.0763, 0.0550, 0.0951, 0.1015, 0.0921, 0.0870, 0.0941, 0.1021, 0.0675, 0.0612, 0.0959, 0.0916, 0.1955,
        0.2641, 0.0826, 0.0527, 0.1313, 0.1017, 0.1374, 0.1444, 0.1197, 0.0603, 0.1103, 0.1680, 0.0701, 0.0570, 0.0558, 0.0844, 0.0952, 0.1375, 0.1081, 0.1225,
        0.0617, 0.0844, 0.1292, 0.1438, 0.0836, 0.1446, 0.1262, 0.0789, 0.0839], device='cuda:0', grad_fn=<IndexPutBackward>) tensor(128., device='cuda:0', grad_fn=<SumBackward0>)
