full gradient:  1.2953334e-05 0.00025965823
grad_output:    5.1971125e-15 3.7425855e-06
inputs:         0.38213497 0.38213497
bias_weight_8   7.253411e-09 2.5251222e-07
bias_output_8   4.9079477e-12 5.3246874e-09
full gradient:  1.2953334e-05 0.00025965823
grad_output:    5.1971125e-15 3.7425855e-06
inputs:         0.38213497 0.38213497
bias_weight_8   1.6589594e-10 3.5781343e-07
bias_output_8   -5.652958e-13 7.541804e-09
bias_weight_2   7.147469e-06 8.131352e-05
bias_output_2   8.352723e-12 1.0319812e-08
full gradient:  1.2953334e-05 0.00025965823
grad_output:    5.1971125e-15 3.7425855e-06
inputs:         0.38213497 0.38213497
bias_weight_8   5.041081e-08 8.0096055e-07
bias_output_8   3.3970406e-11 1.7071443e-08
bias_weight_2   1.7964909e-06 0.00016583718
bias_output_2   1.12251415e-11 2.3325283e-08
full gradient:  1.2953334e-05 0.00025965823
grad_output:    5.1971125e-15 3.7425855e-06
inputs:         0.38213497 0.38213497
bias_weight_8   5.041081e-08 8.0096055e-07
bias_output_8   3.3970406e-11 1.7071443e-08
bias_weight_2   1.7964909e-06 0.00016583718
bias_output_2   1.12251415e-11 2.3325283e-08
full gradient:  1.2953334e-05 0.00025965823
grad_output:    5.1971125e-15 3.7425855e-06
inputs:         0.38213497 0.38213497
bias_weight_8   5.041081e-08 8.0096055e-07
bias_output_8   3.3970406e-11 1.7071443e-08
bias_weight_2   1.7964909e-06 0.00016583718
bias_output_2   1.12251415e-11 2.3325283e-08
full gradient:  1.2953334e-05 0.00025965823
grad_output:    5.1971125e-15 3.7425855e-06
inputs:         0.38213497 0.38213497
bias_weight_8   5.041081e-08 8.0096055e-07
bias_output_8   3.3970406e-11 1.7071443e-08
bias_weight_2   1.7964909e-06 0.00016583718
bias_output_2   1.12251415e-11 2.3325283e-08
index: 
 tensor([  0,   1,   2,   3,   4,   5,   6,   7,   8,   9,  10,  11,  12,  13,  14,  15,  16,  17,  18,  19,  20,  21,  22,  23,  24,  25,  26,  27,  28,  29,
         30,  31,  32,  33,  34,  35,  36,  37,  38,  39,  40,  41,  42,  43,  44,  45,  46,  47,  48,  49,  50,  51,  52,  53,  54,  55,  56,  57,  58,  59,
         60,  61,  62,  63,  64,  65,  66,  67,  68,  69,  70,  71,  72,  73,  74,  75,  76,  77,  78,  79,  80,  81,  82,  83,  84,  85,  86,  87,  88,  89,
         90,  91,  92,  93,  94,  95,  96,  97,  98,  99, 139], device='cuda:0')
