part 1 break, x is tensor([[-1802696.0000, -3000882.5000, -3060873.5000,  ...,
          -653194.0625,  -293017.6562,  -733234.0625],
        [ -378612.9062, -2597686.5000, -1636790.3750,  ...,
         -2523269.7500, -2061790.3750,  -813273.3125],
        [-1010048.6875,  -530772.6250,    59105.1523,  ...,
          -933331.8750, -1847188.2500,  -693214.5625],
        ...,
        [-2042279.0000, -2466252.7500, -1894809.1250,  ...,
          -519795.7188,  -132939.0781,  -239658.4688],
        [-1489293.2500, -1655195.5000, -1784230.8750,  ...,
         -1146738.2500, -1120058.3750,  -706554.3750],
        [-1765791.6250,  -954747.1250,  -512339.0938,  ...,
          -599834.6875, -1413530.1250, -1133393.0000]], device='cuda:0'), iqzero is 0.0 
part 1 break, x is tensor([[-1802696.0000, -3000882.5000, -3060873.5000,  ...,
          -653194.0625,  -293017.6562,  -733234.0625],
        [ -378612.9062, -2597686.5000, -1636790.3750,  ...,
         -2523269.7500, -2061790.3750,  -813273.3125],
        [-1010048.6875,  -530772.6250,    59105.1523,  ...,
          -933331.8750, -1847188.2500,  -693214.5625],
        ...,
        [-2042279.0000, -2466252.7500, -1894809.1250,  ...,
          -519795.7188,  -132939.0781,  -239658.4688],
        [-1489293.2500, -1655195.5000, -1784230.8750,  ...,
         -1146738.2500, -1120058.3750,  -706554.3750],
        [-1765791.6250,  -954747.1250,  -512339.0938,  ...,
          -599834.6875, -1413530.1250, -1133393.0000]], device='cuda:0'), iqzero is 0.0 
part 1 break, x is tensor([[-1802696.0000, -3000882.5000, -3060873.5000,  ...,
          -653194.0625,  -293017.6562,  -733234.0625],
        [ -378612.9062, -2597686.5000, -1636790.3750,  ...,
         -2523269.7500, -2061790.3750,  -813273.3125],
        [-1010048.6875,  -530772.6250,    59105.1523,  ...,
          -933331.8750, -1847188.2500,  -693214.5625],
        ...,
        [-2042279.0000, -2466252.7500, -1894809.1250,  ...,
          -519795.7188,  -132939.0781,  -239658.4688],
        [-1489293.2500, -1655195.5000, -1784230.8750,  ...,
         -1146738.2500, -1120058.3750,  -706554.3750],
        [-1765791.6250,  -954747.1250,  -512339.0938,  ...,
          -599834.6875, -1413530.1250, -1133393.0000]], device='cuda:0'), iqzero is 0.0 
part 1 break, x is tensor([[-1802696.0000, -3000882.5000, -3060873.5000,  ...,
          -653194.0625,  -293017.6562,  -733234.0625],
        [ -378612.9062, -2597686.5000, -1636790.3750,  ...,
         -2523269.7500, -2061790.3750,  -813273.3125],
        [-1010048.6875,  -530772.6250,    59105.1523,  ...,
          -933331.8750, -1847188.2500,  -693214.5625],
        ...,
        [-2042279.0000, -2466252.7500, -1894809.1250,  ...,
          -519795.7188,  -132939.0781,  -239658.4688],
        [-1489293.2500, -1655195.5000, -1784230.8750,  ...,
         -1146738.2500, -1120058.3750,  -706554.3750],
        [-1765791.6250,  -954747.1250,  -512339.0938,  ...,
          -599834.6875, -1413530.1250, -1133393.0000]], device='cuda:0'), iqzero is 0.0 
part 1 break, x is tensor([[-1802696.0000, -3000882.5000, -3060873.5000,  ...,
          -653194.0625,  -293017.6562,  -733234.0625],
        [ -378612.9062, -2597686.5000, -1636790.3750,  ...,
         -2523269.7500, -2061790.3750,  -813273.3125],
        [-1010048.6875,  -530772.6250,    59105.1523,  ...,
          -933331.8750, -1847188.2500,  -693214.5625],
        ...,
        [-2042279.0000, -2466252.7500, -1894809.1250,  ...,
          -519795.7188,  -132939.0781,  -239658.4688],
        [-1489293.2500, -1655195.5000, -1784230.8750,  ...,
         -1146738.2500, -1120058.3750,  -706554.3750],
        [-1765791.6250,  -954747.1250,  -512339.0938,  ...,
          -599834.6875, -1413530.1250, -1133393.0000]], device='cuda:0'), iqzero is 0.0 
part 1 break, x is tensor([[-1802696.0000, -3000882.5000, -3060873.5000,  ...,
          -653194.0625,  -293017.6562,  -733234.0625],
        [ -378612.9062, -2597686.5000, -1636790.3750,  ...,
         -2523269.7500, -2061790.3750,  -813273.3125],
        [-1010048.6875,  -530772.6250,    59105.1523,  ...,
          -933331.8750, -1847188.2500,  -693214.5625],
        ...,
        [-2042279.0000, -2466252.7500, -1894809.1250,  ...,
          -519795.7188,  -132939.0781,  -239658.4688],
        [-1489293.2500, -1655195.5000, -1784230.8750,  ...,
         -1146738.2500, -1120058.3750,  -706554.3750],
        [-1765791.6250,  -954747.1250,  -512339.0938,  ...,
          -599834.6875, -1413530.1250, -1133393.0000]], device='cuda:0'), iqzero is 0.0 
part 1 break, x is tensor([[-1802696.0000, -3000882.5000, -3060873.5000,  ...,
          -653194.0625,  -293017.6562,  -733234.0625],
        [ -378612.9062, -2597686.5000, -1636790.3750,  ...,
         -2523269.7500, -2061790.3750,  -813273.3125],
        [-1010048.6875,  -530772.6250,    59105.1523,  ...,
          -933331.8750, -1847188.2500,  -693214.5625],
        ...,
        [-2042279.0000, -2466252.7500, -1894809.1250,  ...,
          -519795.7188,  -132939.0781,  -239658.4688],
        [-1489293.2500, -1655195.5000, -1784230.8750,  ...,
         -1146738.2500, -1120058.3750,  -706554.3750],
        [-1765791.6250,  -954747.1250,  -512339.0938,  ...,
          -599834.6875, -1413530.1250, -1133393.0000]], device='cuda:0'), iqzero is 0.0 
part 1 break, x is tensor([[-1802696.0000, -3000882.5000, -3060873.5000,  ...,
          -653194.0625,  -293017.6562,  -733234.0625],
        [ -378612.9062, -2597686.5000, -1636790.3750,  ...,
         -2523269.7500, -2061790.3750,  -813273.3125],
        [-1010048.6875,  -530772.6250,    59105.1523,  ...,
          -933331.8750, -1847188.2500,  -693214.5625],
        ...,
        [-2042279.0000, -2466252.7500, -1894809.1250,  ...,
          -519795.7188,  -132939.0781,  -239658.4688],
        [-1489293.2500, -1655195.5000, -1784230.8750,  ...,
         -1146738.2500, -1120058.3750,  -706554.3750],
        [-1765791.6250,  -954747.1250,  -512339.0938,  ...,
          -599834.6875, -1413530.1250, -1133393.0000]], device='cuda:0'), iqzero is 0.0 
part 1 break, x is tensor([[-1802696.0000, -3000882.5000, -3060873.5000,  ...,
          -653194.0625,  -293017.6562,  -733234.0625],
        [ -378612.9062, -2597686.5000, -1636790.3750,  ...,
         -2523269.7500, -2061790.3750,  -813273.3125],
        [-1010048.6875,  -530772.6250,    59105.1523,  ...,
          -933331.8750, -1847188.2500,  -693214.5625],
        ...,
        [-2042279.0000, -2466252.7500, -1894809.1250,  ...,
          -519795.7188,  -132939.0781,  -239658.4688],
        [-1489293.2500, -1655195.5000, -1784230.8750,  ...,
         -1146738.2500, -1120058.3750,  -706554.3750],
        [-1765791.6250,  -954747.1250,  -512339.0938,  ...,
          -599834.6875, -1413530.1250, -1133393.0000]], device='cuda:0'), iqzero is 0.0 
part 1 break, x is tensor([[-1802696.0000, -3000882.5000, -3060873.5000,  ...,
          -653194.0625,  -293017.6562,  -733234.0625],
        [ -378612.9062, -2597686.5000, -1636790.3750,  ...,
         -2523269.7500, -2061790.3750,  -813273.3125],
        [-1010048.6875,  -530772.6250,    59105.1523,  ...,
          -933331.8750, -1847188.2500,  -693214.5625],
        ...,
        [-2042279.0000, -2466252.7500, -1894809.1250,  ...,
          -519795.7188,  -132939.0781,  -239658.4688],
        [-1489293.2500, -1655195.5000, -1784230.8750,  ...,
         -1146738.2500, -1120058.3750,  -706554.3750],
        [-1765791.6250,  -954747.1250,  -512339.0938,  ...,
          -599834.6875, -1413530.1250, -1133393.0000]], device='cuda:0'), iqzero is 0.0 
part 1 break, x is tensor([[-1802696.0000, -3000882.5000, -3060873.5000,  ...,
          -653194.0625,  -293017.6562,  -733234.0625],
        [ -378612.9062, -2597686.5000, -1636790.3750,  ...,
         -2523269.7500, -2061790.3750,  -813273.3125],
        [-1010048.6875,  -530772.6250,    59105.1523,  ...,
          -933331.8750, -1847188.2500,  -693214.5625],
        ...,
        [-2042279.0000, -2466252.7500, -1894809.1250,  ...,
          -519795.7188,  -132939.0781,  -239658.4688],
        [-1489293.2500, -1655195.5000, -1784230.8750,  ...,
         -1146738.2500, -1120058.3750,  -706554.3750],
        [-1765791.6250,  -954747.1250,  -512339.0938,  ...,
          -599834.6875, -1413530.1250, -1133393.0000]], device='cuda:0'), iqzero is 0.0 
part 1 break, x is tensor([[-1802696.0000, -3000882.5000, -3060873.5000,  ...,
          -653194.0625,  -293017.6562,  -733234.0625],
        [ -378612.9062, -2597686.5000, -1636790.3750,  ...,
         -2523269.7500, -2061790.3750,  -813273.3125],
        [-1010048.6875,  -530772.6250,    59105.1523,  ...,
          -933331.8750, -1847188.2500,  -693214.5625],
        ...,
        [-2042279.0000, -2466252.7500, -1894809.1250,  ...,
          -519795.7188,  -132939.0781,  -239658.4688],
        [-1489293.2500, -1655195.5000, -1784230.8750,  ...,
         -1146738.2500, -1120058.3750,  -706554.3750],
        [-1765791.6250,  -954747.1250,  -512339.0938,  ...,
          -599834.6875, -1413530.1250, -1133393.0000]], device='cuda:0'), iqzero is 0.0 
