Time 2022/10/29 23:28:18:
e-05 0.00029855734
grad_output:    4.440892e-16 4.5095516e-07
inputs:         0.3515233 0.3515233
bias_weight_8   1.5895066e-07 2.5099268e-06
bias_output_8   5.3512222e-11 3.8799705e-08
bias_weight_4   4.5994366e-06 2.8282495e-05
bias_output_4   1.4457662e-09 2.9743302e-07
bias_weight_2   -6.417059e-06 3.0401596e-05
bias_output_2   -1.4422624e-10 5.027593e-08
index: 
 tensor([  0,   2,   3,   5,  10,  11,  15,  17,  23,  25,  33,  35,  39,  43,  44,  45,  46,  47,  48,  49,  54,  57,  59,  65,  74,  76,  83,  98, 109, 111,
        116, 123, 125, 126, 128, 129, 130, 131, 132, 133, 134, 135, 136, 138, 139, 141, 143, 144, 149, 150, 151, 153, 155, 156, 157, 158, 160, 161, 162, 163,
        166, 167, 168, 171, 172, 173, 174, 175, 176, 177, 178, 181, 182, 183, 185, 186, 188, 190, 191, 192, 193, 194, 195, 196, 197, 198, 202, 204, 205, 207,
        208, 209, 210, 211, 212, 214, 215, 216, 217, 218, 219, 220, 222, 224, 226, 227, 228, 229, 231, 232, 235, 237, 238, 239, 240, 241, 242, 243, 244, 245,
        249, 250, 251, 254], device='cuda:0') norm
 tensor([1.0000, 0.0624, 1.0000, 0.1375, 0.6756, 1.0000, 0.0374, 0.0063, 0.0000, 0.0000, 1.0000, 1.0000, 0.0000, 0.0000, 0.0033, 1.0000, 0.0053, 0.8298, 0.0109,
        0.0073, 0.0147, 0.0355, 0.0154, 0.3522, 0.0000, 0.2901, 0.0817, 0.2970, 0.0014, 0.0110, 0.8175, 0.0056, 0.0054, 0.9701, 0.0499, 1.0000, 0.0000, 0.3386,
        0.2127, 1.0000, 0.0258, 0.0144, 0.0134, 0.5092, 1.0000, 0.6503, 1.0000, 1.0000, 1.0000, 1.0000, 0.1203, 0.0000, 0.0000, 0.0000, 1.0000, 0.0000, 0.0034,
        1.0000, 0.1264, 0.1041, 0.1113, 0.0843, 0.0000, 0.0149, 0.0000, 1.0000, 0.0501, 0.4234, 0.2135, 0.0070, 0.0353, 0.0000, 0.0020, 0.0000, 1.0000, 0.2614,
        1.0000, 0.0762, 0.0980, 0.0000, 0.0201, 0.0086, 0.1541, 0.9313, 0.4922, 0.0073, 0.0822, 0.0000, 0.0063, 0.2969, 0.1450, 0.0017, 0.0069, 0.4776, 0.2727,
        0.2819, 0.0000, 0.0111, 0.7758, 0.0533, 0.0000, 0.0099, 0.0601, 0.1058, 0.0500, 0.1614, 0.0587, 0.0605, 0.0714, 1.0000, 0.2771, 1.0000, 0.0000, 0.0150,
        0.0115, 0.0556, 0.9282, 0.2381, 0.0161, 0.0339, 0.0000, 0.0000, 0.0334, 0.2154, 0.0323, 0.0272, 1.0000, 0.0000, 1.0000, 0.8602, 1.0000, 0.7034, 1.0000,
        1.0000, 1.0000, 0.4578, 0.6681, 0.2696, 1.0000, 1.0000, 0.8447, 0.4172, 0.2654, 1.0000, 0.5808, 0.7386, 0.6884, 0.3796, 0.5897, 0.7517, 0.6183, 0.9384,
        0.3165, 0.5818, 0.6777, 0.8957, 0.4633, 0.6556, 1.0000, 0.5640, 0.4364, 1.0000, 1.0000, 1.0000, 0.2136, 0.6714, 0.9229, 1.0000, 0.6651, 0.6773, 0.5395,
        0.8115, 0.9820, 1.0000, 0.8835, 1.0000, 1.0000, 1.0000, 0.8979, 0.3604, 0.3798, 1.0000, 1.0000, 0.4224, 0.7358, 1.0000, 0.7039, 0.4722, 0.8413, 0.4910,
        1.0000, 0.8135, 0.2247, 1.0000, 0.7514, 1.0000, 0.7590, 0.7883, 0.6276, 0.2183, 0.5272, 0.2509, 1.0000, 0.7353, 1.0000, 0.5963, 0.5204, 0.6771, 1.0000,
        0.9979, 0.3591, 1.0000, 0.6166, 0.4088, 0.4986, 1.0000, 0.7371, 1.0000, 0.7629, 0.5044, 1.0000, 0.7671, 1.0000, 0.6632, 0.2778, 0.4375, 0.9120, 0.8358,
        0.7138, 0.7901, 0.2956, 0.5905, 1.0000, 0.5761, 0.5010, 0.6900, 0.4957, 1.0000, 0.6326, 1.0000, 0.7289, 0.9430, 0.3572, 0.8393, 0.5044, 1.0000, 0.4740,
        0.6842, 0.3743, 0.1945, 1.0000, 1.0000, 0.3341, 0.8316, 1.0000, 0.4405], device='cuda:0', grad_fn=<IndexPutBackward>) tensor(128., device='cuda:0', grad_fn=<SumBackward0>)
