full gradient:  7.175075e-06 0.00025891204
grad_output:    7.4244465e-16 3.7382893e-06
inputs:         0.38081208 0.38081208
bias_weight_8   2.5511733e-08 7.5516556e-07
bias_output_8   1.4710502e-11 1.61695e-08
bias_weight_2   6.1990736e-06 0.00014927013
bias_output_2   -2.2027316e-11 2.1692033e-08
full gradient:  7.175075e-06 0.00025891204
grad_output:    7.4244465e-16 3.7382893e-06
inputs:         0.38081208 0.38081208
bias_weight_8   2.5511733e-08 7.5516556e-07
bias_output_8   1.4710502e-11 1.61695e-08
bias_weight_2   6.1990736e-06 0.00014927013
bias_output_2   -2.2027316e-11 2.1692033e-08
full gradient:  7.175075e-06 0.00025891204
grad_output:    7.4244465e-16 3.7382893e-06
inputs:         0.38081208 0.38081208
bias_weight_8   2.5511733e-08 7.5516556e-07
bias_output_8   1.4710502e-11 1.61695e-08
bias_weight_2   6.1990736e-06 0.00014927013
bias_output_2   -2.2027316e-11 2.1692033e-08
full gradient:  7.175075e-06 0.00025891204
grad_output:    7.4244465e-16 3.7382893e-06
inputs:         0.38081208 0.38081208
bias_weight_8   2.5511733e-08 7.5516556e-07
bias_output_8   1.4710502e-11 1.61695e-08
bias_weight_2   6.1990736e-06 0.00014927013
bias_output_2   -2.2027316e-11 2.1692033e-08
index: 
 tensor([ 0,  1,  2,  3,  4,  5,  6,  7,  8,  9, 10, 11, 12, 13, 14, 15, 17, 18, 19, 20, 21, 22, 23, 24, 25, 26, 27, 28, 29, 30, 31, 32, 33, 34, 35, 36, 37, 38,
        39, 40, 41, 42, 43, 44, 45, 46, 47, 48, 49, 50, 52, 53, 54, 55, 56, 57, 58, 59, 60, 61, 62, 63, 64, 65, 66, 67, 68, 69, 70, 71, 72, 73, 74, 75, 76, 77,
        78, 79, 80, 81, 82, 83, 84, 85, 86, 87, 88, 89, 90, 91, 92, 93, 94, 95, 96, 97, 98, 99], device='cuda:0')
