Time 2022/10/29 23:29:59:
06 0.00025000624
grad_output:    3.712223e-15 3.7545324e-06
inputs:         0.38414 0.38414
bias_weight_8   -2.5280707e-08 8.1215876e-07
bias_output_8   -1.834239e-11 1.7477474e-08
bias_weight_4   1.7650609e-07 1.4278786e-05
bias_output_4   1.03671585e-10 2.964778e-07
bias_weight_2   2.1210024e-05 0.00020883548
bias_output_2   2.7299497e-12 2.4088811e-08
index: 
 tensor([  0,   1,   2,   3,   4,   5,   6,   7,   8,   9,  10,  11,  12,  13,  14,  15,  16,  17,  18,  19,  20,  21,  22,  23,  24,  25,  26,  27,  28,  29,
         30,  31,  32,  33,  34,  35,  36,  37,  38,  39,  40,  41,  42,  43,  44,  45,  46,  47,  48,  49,  50,  51,  52,  53,  54,  55,  56,  57,  58,  59,
         60,  61,  62,  63,  64,  65,  66,  67,  68,  69,  70,  71,  72,  73,  74,  75,  76,  77,  78,  79,  80,  81,  82,  83,  84,  85,  86,  87,  88,  89,
         90,  91,  92,  93,  94,  95,  96,  97,  98,  99, 192], device='cuda:0') norm
 tensor([0.9719, 1.0000, 1.0000, 1.0000, 0.9949, 1.0000, 1.0000, 1.0000, 1.0000, 1.0000, 1.0000, 1.0000, 1.0000, 1.0000, 1.0000, 1.0000, 1.0000, 1.0000, 1.0000,
        1.0000, 1.0000, 1.0000, 1.0000, 1.0000, 1.0000, 1.0000, 1.0000, 1.0000, 1.0000, 1.0000, 1.0000, 0.9813, 1.0000, 1.0000, 1.0000, 0.9606, 1.0000, 1.0000,
        0.9155, 1.0000, 1.0000, 1.0000, 1.0000, 1.0000, 1.0000, 0.9573, 1.0000, 1.0000, 1.0000, 0.9032, 1.0000, 1.0000, 1.0000, 1.0000, 1.0000, 0.9783, 0.9312,
        1.0000, 0.8462, 1.0000, 1.0000, 1.0000, 1.0000, 1.0000, 1.0000, 0.8601, 1.0000, 0.9379, 1.0000, 0.9382, 0.9775, 0.9703, 1.0000, 0.9948, 1.0000, 1.0000,
        0.9165, 1.0000, 1.0000, 1.0000, 1.0000, 0.9867, 1.0000, 1.0000, 0.9397, 1.0000, 1.0000, 1.0000, 1.0000, 1.0000, 1.0000, 1.0000, 0.9862, 0.9354, 1.0000,
        1.0000, 1.0000, 1.0000, 1.0000, 1.0000, 0.0092, 0.0085, 0.0084, 0.0189, 0.0093, 0.0198, 0.0082, 0.0117, 0.0090, 0.0126, 0.0276, 0.0095, 0.0202, 0.0088,
        0.0208, 0.0088, 0.0087, 0.0118, 0.0091, 0.0110, 0.0096, 0.0082, 0.0141, 0.0091, 0.0103, 0.0080, 0.0090, 0.0149, 0.0230, 0.0089, 0.0164, 0.0083, 0.0098,
        0.0086, 0.0089, 0.0071, 0.0085, 0.0095, 0.0078, 0.0094, 0.0121, 0.0096, 0.0102, 0.0115, 0.0091, 0.0083, 0.0109, 0.0267, 0.0131, 0.0079, 0.0122, 0.0097,
        0.0131, 0.0156, 0.0088, 0.0089, 0.0081, 0.0148, 0.0077, 0.0098, 0.0085, 0.0097, 0.0088, 0.0086, 0.0092, 0.0076, 0.0102, 0.0092, 0.0089, 0.0074, 0.0090,
        0.0088, 0.0102, 0.0084, 0.0102, 0.0091, 0.0078, 0.0099, 0.0131, 0.0197, 0.0239, 0.0085, 0.0150, 0.0083, 0.0085, 0.0119, 0.0098, 0.0091, 0.0143, 0.0155,
        0.0089, 0.0108, 0.0094, 0.0090, 0.0121, 0.0098, 0.0117, 0.0111, 0.0128, 0.0122], device='cuda:0', grad_fn=<IndexPutBackward>) tensor(100., device='cuda:0', grad_fn=<SumBackward0>)
