full gradient:  -6.090997e-05 0.00024840856
grad_output:    0.0 4.7651665e-07
inputs:         0.3531842 0.3531842
bias_weight_8   9.14002e-08 1.4771346e-06
bias_output_8   9.156164e-12 1.9974454e-08
bias_weight_2   9.80794e-06 4.3500022e-05
bias_output_2   2.744115e-11 2.4532635e-08
full gradient:  -6.090997e-05 0.00024840856
grad_output:    0.0 4.7651665e-07
inputs:         0.3531842 0.3531842
bias_weight_8   9.14002e-08 1.4771346e-06
bias_output_8   9.156164e-12 1.9974454e-08
bias_weight_2   9.80794e-06 4.3500022e-05
bias_output_2   2.744115e-11 2.4532635e-08
full gradient:  -6.090997e-05 0.00024840856
grad_output:    0.0 4.7651665e-07
inputs:         0.3531842 0.3531842
bias_weight_8   9.14002e-08 1.4771346e-06
bias_output_8   9.156164e-12 1.9974454e-08
bias_weight_2   9.80794e-06 4.3500022e-05
bias_output_2   2.744115e-11 2.4532635e-08
full gradient:  -6.090997e-05 0.00024840856
grad_output:    0.0 4.7651665e-07
inputs:         0.3531842 0.3531842
bias_weight_8   9.14002e-08 1.4771346e-06
bias_output_8   9.156164e-12 1.9974454e-08
bias_weight_2   9.80794e-06 4.3500022e-05
bias_output_2   2.744115e-11 2.4532635e-08
index: 
 tensor([  2,   3,   4,   6,   8,   9,  12,  14,  15,  16,  21,  23,  24,  25,  26,  27,  28,  29,  31,  33,  34,  35,  36,  38,  39,  40,  41,  42,  43,  45,
         48,  49,  50,  51,  53,  54,  64,  67,  69,  73,  74,  75,  77,  78,  79,  82,  85,  87,  90,  93,  94,  95,  96,  97,  99, 100, 101, 102, 103, 109,
        110, 111, 115, 117, 118, 119, 121, 122, 123, 125, 127, 129, 130, 132, 137, 140, 142, 144, 145, 149, 153, 155, 157, 158, 162, 163, 165, 169, 171, 174,
        176, 177, 178, 179, 182, 183, 184, 185, 191, 192, 193, 195, 196, 197, 202, 205, 209, 210, 215, 217, 219, 220, 222, 223, 225, 228, 229, 230, 231, 237,
        238, 239, 240, 246, 247, 250, 252, 254], device='cuda:0')
